world: c5ef02c7-1507-4d08-ae29-d88aa84afda7
world-name: etc
x: 20.520582565979076
y: 205.0
z: -6.423294343622049
yaw: -0.759857177734375
pitch: 1.8077644109725952
name: armaduras
lastowner: 9f68d785-ad11-3bab-bb36-393a7edbfffb
