world: c5ef02c7-1507-4d08-ae29-d88aa84afda7
world-name: etc
x: -4.679746170113597
y: 230.0
z: -35.56516054443144
yaw: 88.57293701171875
pitch: 2.187882423400879
name: crates
lastowner: 9f68d785-ad11-3bab-bb36-393a7edbfffb
