world: c5ef02c7-1507-4d08-ae29-d88aa84afda7
world-name: etc
x: 3.5723348856206907
y: 220.0
z: -4.497490539392649
yaw: 90.10181427001953
pitch: -7.315598011016846
name: rtp
lastowner: 9f68d785-ad11-3bab-bb36-393a7edbfffb
