world: c5ef02c7-1507-4d08-ae29-d88aa84afda7
world-name: etc
x: 8.525899579311995
y: 220.0
z: -0.545416087811608
yaw: 2.2897191047668457
pitch: 5.989267349243164
name: tienda
lastowner: 9f68d785-ad11-3bab-bb36-393a7edbfffb
